time,x,y,z,phi,theta,psi,x_velocity,y_velocity,z_velocity,phi_velocity,theta_velocity,psi_velocity,rotor_speed1,rotor_speed2,rotor_speed3,rotor_speed4
0.06,-7.03144368452e-08,-1.11817149963e-07,10.0075145891,6.28297302328,6.28276338869,0.0,1.61502413517e-05,-1.54855124738e-05,0.25046436367,-0.0117689175484,-0.0273128093934,0.0,483.2438805060235,481.1810967568891,482.80219967747973,481.9136613929147
0.12000000000000001,1.58706743572e-05,-8.04465723026e-06,10.0254165949,6.28185535118,6.28098374318,0.0,0.00068801036021,-0.000335511359417,0.346244142494,-0.0381389799949,-0.0348262067565,0.0,436.1111628171728,435.4829476803447,436.5839286664015,434.3784703170607
0.18,0.000116158300079,-6.65466379405e-05,10.0514320156,6.28062286234,6.27912977245,0.0,0.00287657573599,-0.0017986477453,0.520871665065,0.00153395691117,-0.0240204777377,0.0,460.45293106717577,461.3065389878101,457.78899697168157,460.9342968085905
0.23999999999999996,0.000370539983251,-0.000222772164897,10.0839783217,6.28059323791,6.27784175613,0.0,0.00573002356428,-0.00340557345945,0.563984007724,-0.00489376639993,-0.0167953793873,0.0,418.77916248283793,419.4070165638181,418.7027702776135,418.1432866345606
0.3,0.00083570227915,-0.000484926522702,10.1220995033,6.28052666511,6.27647292276,0.0,0.00989924382875,-0.00535122495159,0.706643411108,0.0055504083486,-0.0389330909225,0.0,451.95368440857567,450.1660429882264,449.69258111944765,450.537703464278
0.36000000000000004,0.00159759698987,-0.000867330442623,10.1704155985,6.28065473212,6.274523917,0.0,0.0157428368127,-0.0073671437219,0.903756039298,-0.00576502713045,-0.0219811239034,0.0,465.73607347271593,467.05947494184426,468.52203739156334,467.6415468055611
0.4200000000000001,0.0027241301583,-0.00136215758488,10.2274150257,6.28052700465,6.27320325633,0.0,0.0219407066634,-0.00914993513234,0.996147182936,0.00429994217362,-0.0220708464571,0.0,435.4859531250658,435.47842106288755,434.7582218247636,435.60064811236833
0.48000000000000015,0.00423548238507,-0.00196097789583,10.2886033283,6.28041939013,6.27209640121,0.0,0.0285509547708,-0.0107995750176,1.04341944494,-0.018200124372,-0.0120400577412,0.0,420.7501944740461,421.6176440382888,421.52746566348196,419.578856171971
0.5400000000000001,0.00618477849157,-0.00267151125589,10.3545956321,6.27913222873,6.27128346387,0.0,0.0365038932783,-0.0130071447058,1.15621498015,-0.0289135750358,-0.0167516525744,0.0,442.5997605697706,442.2119751350871,442.15936182663347,441.2759438841963
0.6000000000000002,0.00861396004366,-0.00353834042509,10.4260738166,6.27746292453,6.26996161327,0.0,0.0445785444599,-0.0160528319008,1.22631600206,-0.0257232158056,-0.035524661079,0.0,427.7649695856826,426.1634120967799,430.25836210022703,430.5281238778679
0.6600000000000003,0.0115293670242,-0.00460772675714,10.4996644659,6.27583096313,6.26764257636,0.0,0.0527950250269,-0.0197317462821,1.22670142319,-0.0303278473444,-0.0457765924938,0.0,405.397884071409,404.4748212169867,406.5348895806307,406.1218761328005
0.7200000000000003,0.0150902423635,-0.00597928006146,10.5801066991,6.27453916803,6.26448647837,0.0,0.0662464461688,-0.0261677537654,1.4544371092,-0.00806568159536,-0.0719564914221,0.0,478.4619107457694,476.462989610568,476.14081499949765,477.8407064610951
0.7800000000000004,0.0195440428005,-0.00776237670851,10.6742931986,6.27501479068,6.26036035644,0.0,0.0827186550927,-0.0332529284571,1.68479144436,0.0286684339542,-0.063056298069,0.0,478.11578594735414,478.7900931101413,477.27510073003145,480.0702627448874
0.8400000000000004,0.0250477373629,-0.00993536490411,10.7807186626,6.27821535206,6.25693014565,0.0,0.101138261928,-0.0388734167921,1.8624432076,0.0803887696987,-0.047435687133,0.0,462.16441470887264,463.39167776316737,462.5458485536632,466.6022136515415
0.9000000000000005,0.0316694307873,-0.012351584155,10.8954702679,0.000262259797839,6.2536873424,0.0,0.119885308848,-0.0411512098288,1.96243636076,0.0981857316813,-0.0724951510932,0.0,440.91944939300026,438.8421958404139,440.12245159082306,441.5991027239122
0.9600000000000005,0.0395072709042,-0.0147920377209,11.0168450416,0.00592726217296,6.2496581467,0.0,0.141807640772,-0.0395893547416,2.08316107912,0.0855555910359,-0.0581816604542,0.0,445.9800341537267,447.1441041094283,448.46669500404124,447.44712229400847
1.0200000000000005,0.0486920429062,-0.0170314843577,11.1439632114,0.0109734386514,6.2459821695,0.0,0.164695690217,-0.0345627361762,2.15396293353,0.0810288699853,-0.0682827149808,0.0,432.1875763401239,431.33256407793334,432.31358144886326,431.9380121052889
1.0800000000000005,0.0592426810961,-0.0188962228715,11.273160683,0.0157826912982,6.24182609273,0.0,0.187350758299,-0.0271747325768,2.15260092847,0.0783460344316,-0.0713139038074,0.0,408.8277692325431,408.5535026238174,408.13307800527343,407.89936330363537
1.1400000000000006,0.0714308047329,-0.020152872535,11.4071198503,0.0201886660933,6.23719910847,0.0,0.219395650842,-0.0142118228413,2.31236218457,0.0611483313262,-0.0924279228529,0.0,461.00662012611485,459.3306194151361,460.734282498638,459.37655855444007
1.2000000000000006,0.0855926127828,-0.0205615024571,11.5494300722,0.0246913300981,6.23189444498,0.0,0.253219495249,0.00102239264743,2.43102570679,0.0938906913794,-0.0813965569449,0.0,447.78476992344,448.67474084674683,446.8973982999095,449.56226092701365
1.2600000000000007,0.101873626457,-0.019964176526,11.6984643277,0.0302510964751,6.22707380444,0.0,0.289966593483,0.0194571841723,2.53650705089,0.0900883115805,-0.0783191150989,0.0,445.38910620238084,445.63553755347016,444.09964074214895,443.7949058862678
1.3200000000000007,0.120649059502,-0.0180405490232,11.8571615984,0.0362585342348,6.22288140272,0.0,0.336376600079,0.0453332821885,2.75284570753,0.115007566875,-0.0568356895357,0.0,477.95083119595216,479.5818202130389,477.9385663267854,479.8415916477721
1.3800000000000008,0.142086194172,-0.0145476146558,12.0252599483,0.0427728964865,6.22022713442,0.0,0.378478049642,0.0717742252686,2.85014107907,0.0908560421088,-0.0266444749164,0.0,442.8524702691936,445.32753367885306,444.77172477701043,442.79943334873207
1.4400000000000008,0.166231606376,-0.00924676319156,12.201297219,0.0486817159009,6.21840202662,0.0,0.426528825283,0.105540451614,3.01728956004,0.110502303501,-0.0392995121035,0.0,466.13872867537606,465.148456889704,465.6040080337348,467.1461581675791
1.5000000000000009,0.193061981658,-0.00196650724435,12.3836545395,0.055195797886,6.21619707176,0.0,0.468019167658,0.137743672493,3.06111373521,0.1043919249,-0.0320837580728,0.0,428.2789124127743,428.89152476094046,428.5942979398595,428.08549752744136
1.560000000000001,0.222531159055,0.00745971602414,12.5702527624,0.0615676402455,6.2141839098,0.0,0.514464384356,0.177089367787,3.15849692048,0.109580934808,-0.0366648361937,0.0,445.65405625795466,445.27899420244705,446.30328669949614,446.7364170964345
1.620000000000001,0.254708033243,0.0192696662458,12.7609486404,0.06787740826,6.21185105336,0.0,0.558296011699,0.217167816558,3.19785269765,0.0944194501069,-0.0437276308744,0.0,428.7086675464048,428.10728953646543,428.46395496135074,427.1830162507173
1.680000000000001,0.28960019957,0.0336398850631,12.9545628033,0.0741855342469,6.20939115713,0.0,0.605001810552,0.262404206325,3.25571050338,0.120767618211,-0.0360342030037,0.0,434.3335785796743,434.9774129032902,433.29202984824985,435.5111145682464
1.740000000000001,0.327284469073,0.0507949118244,13.1508903273,0.0809957136125,6.20723103214,0.0,0.651325827553,0.310072825046,3.28835877518,0.092180919482,-0.0359379356462,0.0,427.0557850319539,427.06336009024596,427.8749547325705,425.44582397763315
1.8000000000000012,0.368025194055,0.071186868543,13.3522748634,0.0869367208107,6.20575608777,0.0,0.706847675001,0.370240010239,3.42396596795,0.110025628165,-0.00825855142594,0.0,458.9046652365394,461.09642300546443,458.9993790796799,460.42134097849544
1.8600000000000012,0.412493933187,0.0957443687653,13.5665685797,0.0932497501756,6.20609404115,0.0,0.775359886082,0.449104921998,3.71813048614,0.0932698285112,0.0244826587051,0.0,504.9028775034856,507.2595494567111,508.4061027911029,507.212175853298
1.9200000000000013,0.460289447313,0.124260437616,13.788603391,0.0985039658133,6.20725021736,0.0,0.817710252237,0.501886169332,3.68308395945,0.0726307514002,0.00599665220259,0.0,408.44910729246527,406.79699263971463,408.92093073928413,407.08503649050385
1.9800000000000013,0.510712104785,0.156162848427,14.0098964863,0.102843197962,6.20706034795,0.0,0.863009102271,0.561904388554,3.69325085737,0.0716931251932,-0.0366260575509,0.0,424.05526828992237,420.377709956193,423.8490460911771,423.77277098154633
2.0400000000000014,0.563781310855,0.191633214351,14.2307316615,0.106873069468,6.20515383044,0.0,0.906130294921,0.620790363294,3.66791815993,0.0560815675598,-0.0235092576866,0.0,409.8110242054058,410.97487918971524,412.8672610853218,411.49115443458
2.1000000000000014,0.619871599599,0.23125557776,14.4551757122,0.110463482341,6.2036244934,0.0,0.963654769646,0.700270848196,3.81297134233,0.0664573608826,-0.0297749429751,0.0,466.1207584396453,465.63073062607793,465.76935548410444,466.5824771223798
2.1600000000000015,0.679351163894,0.275595478406,14.6871343386,0.114577788355,6.20236483884,0.0,1.01910674056,0.778089395606,3.91851276024,0.0724947524389,-0.00755045589079,0.0,454.3637978550114,456.14214240000035,454.79125456314284,455.27801689115074
2.2200000000000015,0.742078037108,0.324548823159,14.9241955506,0.118893979627,6.20160970428,0.0,1.07181005378,0.854068389847,3.98319706657,0.0707966501841,-0.0252728671103,0.0,444.79778570874237,443.3440057781921,442.59437732670307,442.4585991353572
2.2800000000000016,0.808259101017,0.3785447079,15.1684635841,0.123019046554,6.20003158622,0.0,1.1343316411,0.946174203448,4.1583025604,0.0643118261007,-0.0284436637458,0.0,478.1371979477562,477.8954628074134,477.9622693442221,477.47095747479716
2.3400000000000016,0.877771314017,0.437487024972,15.417830122,0.126892992255,6.19848620669,0.0,1.18286697577,1.01888759175,4.15382095047,0.0650686151921,-0.0208614437361,0.0,423.0542312460405,423.706490302302,422.85125022870585,422.9197376091486
2.4000000000000017,0.950219629475,0.500859990309,15.6669307554,0.131278783862,6.19761400214,0.0,1.23214892845,1.09388822392,4.149435757,0.085623825377,-0.0042009512407,0.0,422.9555375199889,424.38820906429663,422.19459243756353,423.96887441693644
2.4600000000000017,1.02569814985,0.568910191547,15.9165043939,0.136290046995,6.19801246691,0.0,1.28376018413,1.17487875488,4.16948688753,0.078946897843,0.0224201701639,0.0,430.90760547114013,433.1523747463943,431.63808350569974,431.0800875543213
2.520000000000002,1.10453031359,0.642345495976,16.170443907,0.140912783168,6.1993378723,0.0,1.3437688014,1.27337077547,4.2945603203,0.0729452024513,0.0214216879829,0.0,465.00232236382453,464.9240852581685,465.829072228354,465.36387437385736
2.580000000000002,1.18687785547,0.721699007474,16.4312685197,0.145771688711,6.20135537409,0.0,1.40090782655,1.3721400509,4.39905737197,0.0935190609072,0.0508240035736,0.0,459.3605643622654,461.68684952158503,459.101736962738,460.73631739133936
2.640000000000002,1.27255815701,0.807005593749,16.6978391297,0.150859834952,6.20476684839,0.0,1.45471292445,1.47188375603,4.48615227813,0.0550582295649,0.0667956206498,0.0,455.08740242158996,456.3662513534404,457.71282606363707,454.6464994843072
2.700000000000002,1.36142188595,0.898455320755,16.9700697586,0.153814084843,6.20956778245,0.0,1.50688073094,1.5766720778,4.58770652609,0.0338538365607,0.0982160262597,0.0,459.9774632372589,462.46387886925527,462.3572563823489,460.6847940528001
2.760000000000002,1.45304371028,0.995698006035,17.2448735166,0.156093862441,6.21565015664,0.0,1.5466335218,1.66491548219,4.57244779391,0.0452055188662,0.107033926089,0.0,423.7320679064564,424.4989315049797,425.3128057585647,426.2848256697049
2.820000000000002,1.54714608703,1.09876445305,17.5218831777,0.158417067176,6.22240385068,0.0,1.58937935353,1.77080005652,4.66078962037,0.0207821923492,0.121792771958,0.0,457.52107128677375,458.70548997073803,459.30298256921446,457.362296022136
2.880000000000002,1.64349114486,1.20776172241,17.8013275005,0.159214715746,6.22986337558,0.0,1.62144139695,1.86250640077,4.65404377342,-0.00914600736621,0.12895800983,0.0,428.59853569916663,429.22177586711763,429.61274339390167,427.0671703076422
2.940000000000002,1.74166993245,1.32241780484,18.0813345727,0.159337152762,6.23719414266,0.0,1.6504428494,1.9592919086,4.67943398743,0.0181884062254,0.103042458811,0.0,440.7808684255875,438.646945332388,437.2660195402414,439.5375594412802
3.000000000000002,1.84162724897,1.44350784813,18.3667670618,0.16068710245,6.24368380924,0.0,1.68069526773,2.07702590763,4.8342753982,0.0299643048724,0.116810787217,0.0,479.18286913008893,480.237752197069,478.478438537637,479.3742019840531
3.0600000000000023,1.94312027713,1.57117170381,18.658318643,0.162347980175,6.25081831299,0.0,1.70168517175,2.17851870163,4.88385619743,0.0226729806041,0.122800761824,0.0,448.5034643030991,449.00230975161855,448.68303862032184,448.0907892969626
3.1200000000000023,2.04569968036,1.70480805912,18.9519945294,0.163145963648,6.25798630685,0.0,1.71692555131,2.27607408155,4.90522136387,-0.0223072207055,0.111796086409,0.0,440.5773312249503,439.6793271602751,441.90316347768015,438.1791062565294
3.1800000000000024,2.14905170758,1.8442613515,19.2467618261,0.162294359771,6.26469218947,0.0,1.72750330863,2.37220492412,4.92030713583,-0.00155510703519,0.111701941001,0.0,437.5856664293201,437.58911932463013,438.07130821729385,439.7938543825329
3.2400000000000024,2.25294368104,1.98977810882,19.5443869599,0.161986631835,6.27103327335,0.0,1.73487085141,2.47821469134,5.00016149556,-0.01345702001,0.0895870266325,0.0,460.10626840334254,458.3609788873177,459.01461990822065,458.06907157469374
3.3000000000000025,2.35713426871,2.14143847953,19.845604205,0.161381516342,6.27710346668,0.0,1.73757803189,2.57696988845,5.04022933957,-0.00407520386976,0.11772360464,0.0,445.4125442417659,447.7164834257457,447.4312089547396,448.19460293984656
3.3600000000000025,2.46137235593,2.299371506,20.151492484,0.162013094119,0.000615883446024,0.0,1.73626682558,2.68734046741,5.15548565799,0.0300343755791,0.0952394276933,0.0,472.27649143559813,470.54886209226174,468.9353515330041,471.5778862728263
3.4200000000000026,2.56539123776,2.46368807083,20.4627902002,0.16369289234,0.00676337957029,0.0,1.73042608785,2.78992941928,5.22072906305,0.0235740145858,0.113964082708,0.0,456.9210497362463,458.42023796202284,456.04715935561785,455.53094092023696
3.4800000000000026,2.66894781896,2.63381091081,20.775772698,0.16509662423,0.0131827929334,0.0,1.72085780586,2.88089024351,5.21201645783,0.023036196318,0.0869978422656,0.0,434.664729630227,432.4085217051468,434.32553788900026,434.28048639716985
3.5400000000000027,2.77181824486,2.80941305518,21.0882933586,0.166143216169,0.0183032509637,0.0,1.70769330151,2.97255181862,5.20531390927,0.00286841082984,0.0818047964309,0.0,434.54995535892056,434.1205048919101,435.7145886131739,434.0248722767502
3.6000000000000028,2.87378302141,2.99072331754,21.4016515964,0.166615760476,0.023029747931,0.0,1.69067742394,3.07104383221,5.23974996592,0.0163712657783,0.0719020461268,0.0,448.1704287165776,447.36955725857024,447.4577604525644,448.5557531152946
3.660000000000003,2.97454723469,3.17857193744,21.7208339891,0.167335645325,0.0271770484666,0.0,1.66767089743,3.19045417557,5.39880301658,0.00137853167971,0.0628867226426,0.0,485.7524487492678,485.07896993204406,487.7147432870116,486.5933753777945
3.720000000000003,3.07401464577,3.37252822388,22.043322281,0.167240865443,0.0306737155426,0.0,1.64760701471,3.27470491059,5.35100585099,-0.0082727530745,0.0469471378488,0.0,423.50193771818596,422.13090146415175,424.31736279168103,423.4878673318777
3.780000000000003,3.17216507392,3.5718325337,22.3648027953,0.166479955566,0.0336257565586,0.0,1.62382111807,3.36860842964,5.36490822086,-0.0234089460246,0.0533632524539,0.0,442.7581760963843,443.287334648934,443.957475883352,442.7136668338603
3.840000000000003,3.26887866365,3.77651711687,22.6858161825,0.165467075476,0.0373908196726,0.0,1.59966816841,3.4540365693,5.33567216347,-0.00627367045085,0.0769021890986,0.0,427.8900995643091,429.89259733116114,428.99565993950324,430.4485183456441
3.900000000000003,3.36392211013,3.98695447967,23.009033774,0.165218879187,0.0415685595835,0.0,1.5680069053,3.56032385575,5.43769358559,-0.000172435221877,0.0482518642265,0.0,471.42723465112226,469.21103652652056,470.5532551833963,471.02548986135247
3.960000000000003,3.45696679692,4.20382079045,23.3388180494,0.165499201839,0.0442582099639,0.0,1.53322374225,3.66836542911,5.55445137738,0.0129307632002,0.0369088361512,0.0,476.1460251871301,475.27829562788355,476.03310795485453,477.03483792647194
4.020000000000002,3.54810765159,4.42628793769,23.6703922501,0.166220767036,0.0466684819542,0.0,1.50462133265,3.74721214622,5.4982425909,0.0101524361483,0.0460048452556,0.0,422.56374078518,423.34821320074343,422.6800731621987,422.44039913589785
4.080000000000001,3.63756745023,4.65322120132,23.99706192,0.166772868016,0.0496011239064,0.0,1.47715310119,3.81725952477,5.39123628007,0.00722893922816,0.0540774877142,0.0,405.38599989022674,406.1126188132321,403.91318947863,403.6492726009869
4.14,3.72504486478,4.88531227607,24.3230517093,0.166823130965,0.0527384424767,0.0,1.43847454002,3.9189560695,5.47459484187,-0.0167288567221,0.0484482658458,0.0,465.24433404061864,464.80493473776096,467.8642646954433,465.9949069363898
4.199999999999998,3.81021003907,5.12326513355,24.6527685483,0.165641487069,0.0554649006207,0.0,1.40012503831,4.01254999869,5.5157271769,-0.0264040277435,0.0386240964344,0.0,455.1302537002381,454.34426960407586,453.4093574499392,452.631268137335
4.259999999999997,3.89323849413,5.36616378985,24.9812269867,0.163712672649,0.0579346456346,0.0,1.36730135635,4.08389230811,5.43331228646,-0.0472516585644,0.0458077034017,0.0,412.2454263292651,412.8808739139144,415.97897968067406,414.14836432282584
4.319999999999996,3.97421594491,5.61341268958,25.3055151699,0.160338030837,0.0608800823889,0.0,1.33171760294,4.15742329488,5.37661941071,-0.0881670099,0.0549567860361,0.0,421.9281783918823,422.71910662634286,422.6208276960477,419.0755783470364
4.379999999999995,4.05273714363,5.86569478344,25.6308270411,0.155359933357,0.0640594531752,0.0,1.28536811684,4.25125051199,5.46675246237,-0.0742020411859,0.0487338024078,0.0,467.997153686099,467.51412475004634,467.33244812021286,468.41457932286136
4.439999999999993,4.12847581821,6.12333742082,25.9606527705,0.150972506121,0.0670289149306,0.0,1.23900397501,4.33622781282,5.52720795722,-0.0710511780201,0.050963540519,0.0,458.6552270928623,458.8337556484348,460.06225746231536,460.30776444024536
4.499999999999992,4.2012640575,6.38621624554,26.295770881,0.147004900181,0.0699129990669,0.0,1.18701472156,4.42574618929,5.64286316413,-0.0577554583127,0.041538992201,0.0,477.9169393799283,477.199150657172,475.35577772986215,476.37073880803393
4.559999999999991,4.27108695723,6.65392386308,26.634895441,0.143454909819,0.0723268111717,0.0,1.14021839778,4.49738303851,5.6612478555,-0.0621481314103,0.0374757490755,0.0,448.60373670241063,448.2744234824518,447.5644442962295,447.2042763073366
4.6199999999999894,4.33808864715,6.9257868275,26.9747785551,0.139420579037,0.0745530037063,0.0,1.09299431457,4.56424132866,5.66822075737,-0.080099607399,0.036347701677,0.0,444.27709447783144,444.18521553831096,445.21007945428886,443.7350297600397
4.679999999999988,4.40237656599,7.20127314542,27.3130416094,0.135043986224,0.0768055255426,0.0,1.04975522555,4.61819326977,5.60762678565,-0.0615155196701,0.0398291234566,0.0,421.9251372358036,422.22641412896957,421.30769026766114,422.9072234489229
4.739999999999987,4.46380907585,7.48030038281,27.6506078186,0.132003333189,0.0792241632817,0.0,0.997805511711,4.68226143328,5.6444391139,-0.0349079306231,0.041256413612,0.0,453.2556155921991,453.37113320716753,451.3435412078322,453.4845201139161
4.799999999999986,4.52190201387,7.76339282421,27.9926346378,0.129716581323,0.0814320531412,0.0,0.938448940683,4.75373621887,5.75587574114,-0.0454453328303,0.0259252302603,0.0,476.849790082675,475.67747920733404,476.1647254870502,475.35715371016084
4.859999999999984,4.57629033701,8.05086498603,28.3426197949,0.126929051666,0.0828127051202,0.0,0.874425374136,4.82814211098,5.90949450692,-0.0485663392271,0.0164317224373,0.0,489.96323793194546,489.25678284464243,489.58838668560753,489.3550135412065
4.919999999999983,4.62690178121,8.34258148737,28.7007762344,0.124139054943,0.0838993345666,0.0,0.812593886416,4.8952444114,6.02843164599,-0.0426591843833,0.0212725524919,0.0,480.08945324942414,480.456594029223,481.4174669642145,481.86321108980064
4.979999999999982,4.67386148084,8.63812940408,29.0651610281,0.121364846934,0.0846638783737,0.0,0.752681723946,4.95591327672,6.11726060042,-0.0545721827112,-0.0157253412266,0.0,475.22676495395723,472.3816733688141,473.1349620658184,472.2155288149239
5.0399999999999805,4.71728338731,8.93715303036,29.4341989288,0.118492705996,0.0836422563107,0.0,0.694873268943,5.01108803401,6.18367582249,-0.0370307791506,-0.0197663584826,0.0,467.0278131296075,466.71254329622775,467.22870234447413,468.59324837064264
